863,0
924,1
953,2
133,3
492,4
772,5
272,6
915,7
120,8
510,9
458,10
764,11
717,12
600,13
710,14
513,15
90,16
84,17
224,18
172,19
829,20
426,21
859,22
988,23
611,24
523,25
598,26
894,27
842,28
142,29
884,30
897,31
461,32
747,33
44,34
939,35
294,36
980,37
50,38
763,39
563,40
601,41
440,42
547,43
83,44
890,45
19,46
220,47
766,48
185,49
166,50
362,51
396,52
985,53
476,54
909,55
452,56
65,57
358,58
72,59
229,60
187,61
281,62
511,63
0,64
386,65
607,66
728,67
373,68
871,69
485,70
449,71
840,72
150,73
128,74
738,75
683,76
267,77
314,78
244,79
453,80
78,81
823,82
228,83
111,84
489,85
494,86
37,87
110,88
140,89
278,90
835,91
648,92
351,93
205,94
774,95
61,96
488,97
20,98
739,99
793,100
385,101
731,102
979,103
916,104
972,105
792,106
403,107
265,108
529,109
746,110
714,111
433,112
643,113
186,114
797,115
40,116
471,117
376,118
506,119
787,120
252,121
556,122
889,123
154,124
323,125
141,126
287,127
809,128
698,129
667,130
277,131
705,132
304,133
198,134
302,135
910,136
155,137
12,138
952,139
899,140
645,141
157,142
406,143
443,144
230,145
697,146
3,147
767,148
644,149
113,150
337,151
866,152
80,153
868,154
115,155
734,156
346,157
424,158
333,159
726,160
178,161
319,162
99,163
713,164
262,165
170,166
546,167
327,168
690,169
762,170
882,171
435,172
202,173
410,174
53,175
480,176
847,177
359,178
694,179
297,180
462,181
740,182
345,183
296,184
571,185
6,186
500,187
570,188
369,189
35,190
565,191
355,192
421,193
814,194
599,195
807,196
978,197
117,198
951,199
619,200
25,201
982,202
568,203
637,204
43,205
647,206
886,207
597,208
446,209
324,210
819,211
26,212
162,213
145,214
581,215
857,216
307,217
824,218
441,219
632,220
400,221
779,222
628,223
684,224
861,225
944,226
745,227
941,228
678,229
853,230
160,231
95,232
591,233
817,234
436,235
93,236
317,237
17,238
486,239
380,240
887,241
691,242
175,243
112,244
171,245
902,246
624,247
293,248
77,249
702,250
299,251
116,252
895,253
420,254
771,255
966,256
930,257
182,258
656,259
336,260
557,261
653,262
63,263
517,264
539,265
603,266
58,267
243,268
161,269
10,270
4,271
495,272
479,273
168,274
869,275
364,276
29,277
309,278
911,279
548,280
503,281
27,282
212,283
360,284
973,285
67,286
794,287
587,288
288,289
551,290
152,291
959,292
85,293
238,294
981,295
795,296
74,297
399,298
251,299
225,300
904,301
922,302
995,303
408,304
525,305
831,306
512,307
723,308
156,309
584,310
917,311
371,312
514,313
674,314
744,315
118,316
573,317
784,318
8,319
668,320
313,321
285,322
415,323
867,324
646,325
836,326
542,327
741,328
255,329
497,330
826,331
430,332
390,333
407,334
219,335
242,336
688,337
15,338
783,339
181,340
617,341
834,342
879,343
955,344
676,345
638,346
107,347
986,348
918,349
146,350
808,351
936,352
531,353
183,354
132,355
331,356
761,357
22,358
545,359
592,360
484,361
788,362
405,363
604,364
60,365
560,366
312,367
322,368
724,369
54,370
270,371
367,372
769,373
52,374
496,375
62,376
822,377
463,378
970,379
574,380
9,381
805,382
920,383
804,384
231,385
135,386
550,387
232,388
169,389
682,390
756,391
227,392
718,393
928,394
402,395
325,396
578,397
923,398
482,399
790,400
960,401
562,402
505,403
284,404
735,405
69,406
23,407
143,408
670,409
102,410
445,411
898,412
383,413
159,414
33,415
394,416
24,417
515,418
856,419
64,420
881,421
490,422
264,423
971,424
127,425
221,426
843,427
848,428
544,429
45,430
258,431
180,432
602,433
631,434
883,435
38,436
86,437
589,438
502,439
652,440
197,441
655,442
938,443
88,444
344,445
630,446
768,447
254,448
522,449
215,450
282,451
417,452
316,453
214,454
838,455
926,456
456,457
852,458
712,459
357,460
582,461
934,462
411,463
651,464
472,465
759,466
706,467
958,468
76,469
801,470
414,471
586,472
575,473
42,474
339,475
830,476
901,477
885,478
583,479
844,480
618,481
148,482
685,483
569,484
621,485
773,486
839,487
891,488
398,489
473,490
289,491
332,492
535,493
457,494
802,495
122,496
311,497
308,498
250,499
223,500
903,501
566,502
14,503
659,504
342,505
798,506
593,507
201,508
984,509
261,510
16,511
997,512
199,513
876,514
208,515
742,516
504,517
775,518
606,519
965,520
828,521
969,522
754,523
269,524
639,525
950,526
701,527
290,528
51,529
103,530
837,531
781,532
241,533
998,534
662,535
680,536
273,537
413,538
753,539
946,540
613,541
340,542
880,543
815,544
274,545
349,546
387,547
508,548
226,549
927,550
315,551
636,552
464,553
291,554
404,555
812,556
992,557
129,558
543,559
108,560
498,561
222,562
216,563
249,564
595,565
990,566
549,567
609,568
704,569
833,570
81,571
596,572
832,573
147,574
752,575
361,576
907,577
671,578
572,579
447,580
642,581
153,582
256,583
204,584
301,585
620,586
943,587
427,588
114,589
79,590
466,591
983,592
709,593
534,594
948,595
803,596
635,597
791,598
437,599
755,600
931,601
318,602
770,603
976,604
451,605
626,606
526,607
98,608
356,609
164,610
236,611
559,612
622,613
594,614
454,615
957,616
109,617
554,618
326,619
177,620
661,621
34,622
919,623
280,624
422,625
733,626
921,627
7,628
365,629
381,630
210,631
660,632
625,633
963,634
257,635
246,636
865,637
217,638
18,639
870,640
334,641
416,642
298,643
401,644
743,645
925,646
912,647
184,648
730,649
276,650
616,651
138,652
483,653
248,654
945,655
491,656
68,657
384,658
499,659
460,660
811,661
239,662
827,663
695,664
518,665
71,666
13,667
629,668
634,669
189,670
716,671
104,672
2,673
689,674
136,675
218,676
196,677
73,678
961,679
46,680
567,681
799,682
806,683
896,684
275,685
650,686
193,687
131,688
933,689
673,690
780,691
666,692
942,693
736,694
455,695
203,696
101,697
851,698
874,699
434,700
388,701
329,702
310,703
721,704
558,705
300,706
974,707
247,708
825,709
777,710
672,711
295,712
987,713
335,714
862,715
507,716
757,717
782,718
105,719
124,720
520,721
821,722
935,723
188,724
163,725
679,726
97,727
776,728
259,729
382,730
693,731
533,732
474,733
665,734
47,735
348,736
237,737
588,738
640,739
858,740
350,741
423,742
306,743
501,744
818,745
432,746
353,747
748,748
872,749
954,750
338,751
677,752
66,753
719,754
409,755
469,756
425,757
996,758
841,759
393,760
477,761
412,762
509,763
900,764
864,765
253,766
750,767
914,768
213,769
932,770
641,771
975,772
375,773
70,774
796,775
892,776
444,777
649,778
389,779
94,780
749,781
937,782
305,783
392,784
194,785
614,786
605,787
590,788
438,789
123,790
209,791
82,792
608,793
470,794
576,795
686,796
765,797
519,798
379,799
191,800
956,801
30,802
487,803
633,804
729,805
450,806
991,807
56,808
493,809
31,810
540,811
429,812
623,813
855,814
368,815
893,816
139,817
696,818
888,819
778,820
283,821
516,822
144,823
126,824
820,825
722,826
106,827
48,828
200,829
176,830
816,831
810,832
57,833
989,834
91,835
850,836
192,837
929,838
266,839
165,840
527,841
374,842
59,843
968,844
530,845
949,846
439,847
669,848
130,849
521,850
561,851
720,852
21,853
700,854
537,855
906,856
964,857
785,858
167,859
32,860
627,861
962,862
11,863
846,864
320,865
478,866
235,867
195,868
555,869
206,870
873,871
121,872
481,873
174,874
347,875
967,876
418,877
940,878
737,879
125,880
321,881
663,882
715,883
370,884
475,885
328,886
999,887
234,888
536,889
657,890
703,891
419,892
1,893
303,894
913,895
39,896
758,897
343,898
664,899
800,900
190,901
675,902
707,903
877,904
908,905
875,906
158,907
465,908
878,909
292,910
467,911
654,912
541,913
397,914
532,915
55,916
245,917
28,918
699,919
905,920
341,921
100,922
179,923
378,924
658,925
947,926
732,927
354,928
89,929
615,930
137,931
428,932
977,933
813,934
330,935
173,936
36,937
372,938
692,939
849,940
580,941
377,942
725,943
207,944
553,945
149,946
49,947
994,948
286,949
5,950
268,951
579,952
395,953
786,954
789,955
151,956
211,957
96,958
263,959
448,960
610,961
528,962
860,963
352,964
271,965
260,966
119,967
760,968
524,969
727,970
442,971
366,972
468,973
92,974
538,975
459,976
41,977
845,978
612,979
687,980
585,981
87,982
711,983
854,984
279,985
751,986
431,987
552,988
363,989
75,990
708,991
391,992
577,993
134,994
993,995
681,996
233,997
240,998
564,999
